[?25l[39m [38;2;0;0;0m                                                           [39m
 [38;2;0;0;0m                                                           [39m
 [38;2;0;0;0m                      [38;2;94;61;106m▁[38;2;170;121;192m▃[38;2;179;126;201m▅[38;2;181;121;191m▆[38;2;195;135;198m▆[38;2;225;174;218m▆[38;2;240;195;232m▅[38;2;218;178;211m▆[38;2;240;197;231m▆[38;2;239;186;228m▆[38;2;246;205;237m▅[38;2;245;211;237m▄[38;2;213;184;206m▃[38;2;123;107;119m▁                       [39m
 [38;2;0;0;0m                    [38;2;142;101;163m▂[38;2;174;123;193m▆[38;2;198;142;215m█[38;2;207;149;221m█[38;2;205;144;215m█[38;2;208;147;214m█[38;2;228;172;224m█[38;2;246;208;237m█[38;2;246;206;237m█[38;2;247;210;238m█[38;2;249;218;240m█[38;2;249;220;241m█[38;2;249;214;240m█[38;2;250;218;242m█[38;2;251;220;242m█[38;2;245;216;237m█[38;2;214;188;207m▆[38;2;151;132;146m▖                     [39m
 [38;2;0;0;0m                   [38;2;159;123;198m▟[38;2;192;141;219m█[38;2;199;146;221m█[38;2;203;148;221m█[38;2;186;127;199m█[38;2;211;151;221m█[38;2;214;152;222m█[38;2;234;190;232m█[38;2;246;212;238m█[38;2;250;223;242m█[38;2;250;222;241m█[38;2;251;225;242m█[38;2;251;226;242m█[38;2;251;224;242m█[38;2;250;219;241m█[38;2;251;223;243m█[38;2;251;221;242m█[38;2;252;224;243m█[38;2;248;220;239m█[38;2;171;152;165m▙                    [39m
 [38;2;0;0;0m                 [38;2;65;45;97m▗[38;2;149;109;183m█[38;2;188;142;221m█[38;2;194;144;220m█[38;2;197;150;227m█[38;2;199;150;227m█[38;2;176;144;188m█[38;2;200;173;222m█[38;2;206;164;219m█[38;2;212;167;220m█[38;2;233;207;232m█[38;2;240;212;235m█[38;2;251;230;244m█[38;2;249;225;243m█[38;2;251;227;243m█[38;2;249;222;244m█[38;2;250;218;241m█[38;2;251;228;244m█[38;2;248;225;243m█[38;2;245;223;242m█[38;2;246;227;244m█[38;2;239;228;243m█[38;2;210;192;214m▙                   [39m
 [38;2;0;0;0m                 [38;2;75;83;132m▐[38;2;130;142;215m█[38;2;135;148;217m█[38;2;138;149;216m█[38;2;141;148;215m█[38;2;145;154;218m█[38;2;199;170;183m█[38;2;218;191;192m█[38;2;215;194;200m█[38;2;198;191;206m█[38;2;194;195;214m█[38;2;189;186;214m█[38;2;229;227;242m█[38;2;221;222;239m█[38;2;225;226;241m█[38;2;221;211;235m█[38;2;213;217;236m█[38;2;216;224;241m█[38;2;215;224;241m█[38;2;217;220;240m█[38;2;219;225;241m█[38;2;217;226;242m█[38;2;207;217;233m█[38;2;85;90;107m▎                  [39m
 [38;2;0;0;0m                 [38;2;81;97;157m▐[38;2;111;131;205m█[38;2;128;148;217m█[38;2;114;134;205m█[38;2;124;138;203m█[38;2;128;145;210m█[38;2;166;157;192m█[38;2;211;183;188m█[38;2;222;189;188m█[38;2;229;195;190m█[38;2;224;195;193m█[38;2;198;190;209m█[38;2;216;223;241m█[38;2;214;219;236m█[38;2;242;236;229m█[38;2;234;231;233m█[38;2;203;207;225m█[38;2;209;223;242m█[38;2;209;224;242m█[38;2;212;221;241m█[38;2;209;223;241m█[38;2;209;224;241m█[38;2;212;227;242m█[38;2;153;164;188m▋                  [39m
 [38;2;0;0;0m                  [38;2;67;82;139m▀[38;2;90;107;170m▜[38;2;86;104;165m█[38;2;120;120;172m█[38;2;181;156;165m█[38;2;163;134;152m█[38;2;174;141;157m█[38;2;193;159;162m█[38;2;220;182;180m█[38;2;226;193;189m█[38;2;216;191;196m█[38;2;181;193;229m█[38;2;199;202;224m█[38;2;238;183;164m█[38;2;231;195;184m█[38;2;202;208;225m█[38;2;202;221;241m█[38;2;196;214;237m█[38;2;186;201;230m█[38;2;186;205;232m█[38;2;179;197;227m█[38;2;207;226;241m█[38;2;147;160;188m▋[38;2;105;97;119m▕                 [39m
 [38;2;0;0;0m                    [38;2;158;129;132m▝[38;2;175;154;160m█[38;2;202;180;186m█[38;2;205;181;186m█[38;2;208;182;186m█[38;2;211;184;186m█[38;2;214;185;186m█[38;2;217;187;187m█[38;2;197;178;193m█[38;2;161;172;220m█[38;2;169;163;198m█[38;2;220;184;181m█[38;2;202;182;194m█[38;2;160;174;222m█[38;2;143;157;215m█[38;2;133;146;203m█[38;2;146;164;213m█[38;2;138;154;206m█[38;2;139;155;206m█[38;2;142;156;195m█[38;2;72;80;104m▏[38;2;88;60;110m▀                 [39m
 [38;2;0;0;0m                      [38;2;169;148;154m▀[38;2;194;170;176m█[38;2;205;180;186m█[38;2;208;182;186m█[38;2;211;183;186m█[38;2;210;180;182m█[38;2;174;158;190m█[38;2;162;166;216m█[38;2;185;172;197m█[38;2;201;182;194m█[38;2;183;169;192m█[38;2;167;158;186m█[38;2;164;154;180m█[38;2;130;127;169m▛[38;2;104;117;175m▀[38;2;82;93;158m▀[38;2;104;116;166m▀                    [39m
 [38;2;0;0;0m                       [38;2;134;117;121m▝[38;2;172;160;190m▜[38;2;161;160;202m█[38;2;139;137;180m▛[38;2;135;97;105m▔[38;2;132;112;175m█[38;2;143;133;196m█[38;2;108;101;140m▛[38;2;101;90;108m▀[38;2;80;74;95m▛[38;2;64;57;78m▀[38;2;91;84;107m▔[38;2;61;51;61m▁                       [39m
 [38;2;0;0;0m  [38;2;140;111;123m▂   [38;2;109;98;105m▂                [38;2;67;75;149m▟[38;2;127;145;213m█[38;2;124;141;203m█[38;2;75;86;132m▘[38;2;179;110;214m▗[38;2;181;107;216m█[38;2;117;71;152m▛[38;2;41;34;48m▁[38;2;54;45;56m▁[38;2;55;50;68m▔[38;2;63;52;60m▁[38;2;73;63;73m▁[38;2;70;59;70m▁[38;2;65;52;63m▁[38;2;61;50;60m▁                     [39m
 [38;2;0;0;0m   [38;2;107;110;131m▀[38;2;145;127;136m█[38;2;154;141;160m▇[38;2;118;105;116m▌[38;2;139;124;134m▃[38;2;158;142;157m▄[38;2;155;138;152m▅[38;2;143;114;120m▄[38;2;87;65;68m▖          [38;2;95;86;197m▟[38;2;119;135;210m█[38;2;120;124;180m█[38;2;164;145;161m█[38;2;243;229;198m▆[38;2;233;213;200m█[38;2;232;217;194m█[38;2;196;189;163m▇[38;2;161;154;135m▖[38;2;62;52;60m▁[38;2;63;51;60m▕[38;2;76;65;76m▃[38;2;79;68;79m▘[38;2;83;72;83m▀[38;2;115;52;74m▇[38;2;122;29;55m▇[38;2;76;61;73m▙                    [39m
 [38;2;0;0;0m    [38;2;118;98;112m▜[38;2;135;109;128m█[38;2;144;119;137m█[38;2;164;145;160m█[38;2;167;149;164m█[38;2;151;128;145m█[38;2;149;125;141m█[38;2;170;155;169m▆[38;2;158;146;158m▅[38;2;172;161;174m▃[38;2;124;115;125m▂      [38;2;129;70;195m▟[38;2;98;75;173m█[38;2;59;71;106m▀[38;2;188;159;166m█[38;2;226;197;190m█[38;2;248;239;204m█[38;2;249;241;204m█[38;2;249;243;204m█[38;2;250;244;205m█[38;2;235;229;193m█[38;2;107;98;94m▋[38;2;81;70;83m▜[38;2;78;67;79m▎[38;2;65;52;63m▕[38;2;71;59;71m▕[38;2;92;80;93m▀[38;2;121;44;67m▝[38;2;108;54;74m▞[38;2;64;53;63m▏                   [39m
 [38;2;0;0;0m     [38;2;72;59;68m▔[38;2;127;105;124m▀[38;2;125;102;120m█[38;2;145;121;138m█[38;2;164;148;164m█[38;2;174;159;174m█[38;2;181;169;184m█[38;2;181;170;183m█[38;2;179;166;180m█[38;2;177;163;177m█[38;2;114;100;110m▙     [38;2;119;63;177m▜[38;2;125;67;184m▋[38;2;146;116;117m▕[38;2;210;182;185m█[38;2;221;193;189m█[38;2;241;222;198m█[38;2;242;223;199m█[38;2;242;224;199m█[38;2;243;226;199m█[38;2;244;229;200m█[38;2;205;191;169m█[38;2;62;51;62m▕▁[38;2;64;52;63m▕[38;2;65;52;64m▕[38;2;65;53;64m▕[38;2;68;58;74m▕[38;2;99;83;105m█[38;2;108;96;110m▇[38;2;72;63;78m▖                  [39m
 [38;2;0;0;0m         [38;2;104;84;98m▔[38;2;139;112;130m▔[38;2;133;114;128m▀[38;2;152;137;150m▜[38;2;181;169;183m█[38;2;182;170;184m██[38;2;180;167;180m▖     [38;2;132;72;191m▔[38;2;156;129;139m▐[38;2;206;181;186m█[38;2;210;183;186m█[38;2;215;185;186m█[38;2;218;187;186m█[38;2;221;188;187m█[38;2;221;187;185m█[38;2;209;169;168m█[38;2;221;186;184m█[38;2;109;88;96m▎[38;2;55;47;60m▔[38;2;59;49;62m▔[38;2;64;52;64m▔[38;2;64;53;64m▔[38;2;52;48;73m▂[38;2;82;76;104m█[38;2;83;94;115m█[38;2;91;94;119m█[38;2;97;101;122m▅                 [39m
 [38;2;0;0;0m             [38;2;137;126;137m▜[38;2;182;170;184m██[38;2;183;170;183m█[38;2;130;119;128m▄    [38;2;95;86;101m▐[38;2;176;158;166m█[38;2;201;180;185m█[38;2;205;181;186m█[38;2;208;182;186m█[38;2;211;183;186m█[38;2;213;185;186m█[38;2;204;169;171m█[38;2;214;184;184m█[38;2;180;153;156m█[38;2;44;36;55m▔[38;2;42;38;57m▕[38;2;43;39;58m▁[38;2;43;39;59m▔[38;2;43;40;59m▕[38;2;60;55;80m▝[38;2;68;63;90m█[38;2;88;81;109m█[38;2;67;63;91m▋                  [39m
 [38;2;0;0;0m              [38;2;169;159;172m▜[38;2;182;170;184m█[38;2;183;170;184m█[38;2;184;171;184m█[38;2;142;131;141m▙[38;2;52;47;61m▁[38;2;34;34;56m▁[38;2;40;39;62m▁[38;2;120;110;128m▐[38;2;183;167;176m█[38;2;196;177;185m█[38;2;199;178;185m█[38;2;201;180;185m█[38;2;204;180;186m█[38;2;201;174;178m█[38;2;205;179;184m█[38;2;172;151;157m█[38;2;116;100;110m▘[38;2;41;37;57m▕[38;2;42;37;57m▔[38;2;43;39;57m▔[38;2;42;40;59m▕[38;2;43;39;59m▏[38;2;69;64;92m▗[38;2;66;62;90m█[38;2;91;104;123m█[38;2;87;86;107m▊                  [39m
 [38;2;0;0;0m               [38;2;163;153;166m█[38;2;182;170;184m█[38;2;183;170;184m█[38;2;184;170;184m█[38;2;159;146;160m█[38;2;114;102;117m▃[38;2;39;39;61m▔[38;2;85;60;71m▕[38;2;186;170;181m█[38;2;192;175;185m█[38;2;194;176;185m█[38;2;195;177;185m█[38;2;197;178;185m█[38;2;146;124;134m█[38;2;91;84;106m█[38;2;51;48;71m▏[38;2;40;37;57m▁[38;2;40;37;56m▔[38;2;42;37;57m▔[38;2;41;39;59m▕▕[38;2;43;41;60m▁[38;2;62;60;86m▐[38;2;79;83;107m█[38;2;88;99;116m█[38;2;119;119;136m▉                  [39m
 [38;2;0;0;0m               [38;2;146;138;149m▝[38;2;176;165;179m█[38;2;182;170;184m█[38;2;183;170;184m█[38;2;184;170;184m█[38;2;183;170;183m█[38;2;139;128;142m▇[38;2;118;101;115m▐[38;2;187;173;185m█[38;2;188;173;185m█[38;2;190;174;185m█[38;2;191;175;185m█[38;2;192;175;185m█[38;2;109;98;112m▍[38;2;40;38;60m▔[38;2;39;36;57m▔[38;2;40;36;57m▕▏[38;2;39;37;59m▁[38;2;40;37;59m▏[38;2;42;40;59m▕[38;2;43;41;60m▔[38;2;42;41;60m▏[38;2;75;73;99m█[38;2;162;161;173m█[38;2;137;132;136m▉                  [39m
 [38;2;0;0;0m                [38;2;174;164;178m▝[38;2;180;170;184m█[38;2;181;170;184m█[38;2;183;170;184m██[38;2;183;170;183m█[38;2;178;163;175m█[38;2;185;172;184m█[38;2;186;172;184m██[38;2;187;173;184m█[38;2;162;146;158m█[38;2;35;35;55m▕[38;2;37;36;57m▁[38;2;38;36;58m▁[38;2;38;36;57m▔[38;2;38;37;59m▕[38;2;39;37;59m▕[38;2;40;37;59m▏[38;2;41;39;60m▕[38;2;42;40;60m▔[38;2;41;38;59m▏[38;2;42;37;62m▔[38;2;107;109;120m▀[38;2;126;124;129m█                  [39m
[?25h